image: ccis_psu_full_half_res.pgm
resolution: 0.10000
origin: [-40.000000, -20.000000, 0.000000]
negate: 0
occupied_thresh: 0.9
free_thresh: 0.6
