image: ccis_psu_full.pgm
resolution: 0.050000
origin: [-40.000000, -20.000000, 0.000000]
negate: 0
occupied_thresh: 0.9
free_thresh: 0.6
